Ks = 100;
taua=1e-3;
taup=100e-3;
taus=100e-6;